0.0264 0.0029 0.0018 0.0024 0.0011 0.0022 0.0038 0.0060 0.0011 0.0032 0.0051 0.0033 0.0013 0.0016 0.0027 0.0072 0.0042 0.0004 0.0014 0.0055 
0.0029 0.0141 0.0022 0.0015 0.0002 0.0027 0.0033 0.0018 0.0013 0.0010 0.0022 0.0058 0.0008 0.0007 0.0012 0.0022 0.0018 0.0003 0.0009 0.0012 
0.0018 0.0022 0.0160 0.0037 0.0002 0.0017 0.0030 0.0033 0.0017 0.0009 0.0014 0.0026 0.0005 0.0006 0.0010 0.0039 0.0023 0.0002 0.0008 0.0011 
0.0024 0.0015 0.0037 0.0279 0.0003 0.0023 0.0079 0.0031 0.0011 0.0012 0.0013 0.0024 0.0005 0.0008 0.0019 0.0037 0.0022 0.0002 0.0007 0.0014 
0.0011 0.0002 0.0002 0.0003 0.0038 0.0002 0.0002 0.0003 0.0001 0.0005 0.0008 0.0003 0.0002 0.0003 0.0002 0.0006 0.0005 0.0001 0.0002 0.0006 
0.0022 0.0027 0.0017 0.0023 0.0002 0.0083 0.0051 0.0014 0.0010 0.0007 0.0017 0.0031 0.0009 0.0005 0.0013 0.0024 0.0014 0.0003 0.0009 0.0013 
0.0038 0.0033 0.0030 0.0079 0.0002 0.0051 0.0252 0.0025 0.0018 0.0013 0.0021 0.0055 0.0008 0.0009 0.0022 0.0042 0.0025 0.0003 0.0012 0.0023 
0.0060 0.0018 0.0033 0.0031 0.0003 0.0014 0.0025 0.0439 0.0010 0.0010 0.0017 0.0021 0.0006 0.0010 0.0017 0.0046 0.0019 0.0005 0.0009 0.0018 
0.0011 0.0013 0.0017 0.0011 0.0001 0.0010 0.0018 0.0010 0.0116 0.0005 0.0008 0.0011 0.0003 0.0008 0.0006 0.0012 0.0007 0.0002 0.0019 0.0006 
0.0032 0.0010 0.0009 0.0012 0.0005 0.0007 0.0013 0.0010 0.0005 0.0122 0.0099 0.0011 0.0018 0.0022 0.0009 0.0017 0.0020 0.0003 0.0014 0.0106 
0.0051 0.0022 0.0014 0.0013 0.0008 0.0017 0.0021 0.0017 0.0008 0.0099 0.0319 0.0026 0.0041 0.0035 0.0015 0.0028 0.0033 0.0006 0.0022 0.0086 
0.0033 0.0058 0.0026 0.0024 0.0003 0.0031 0.0055 0.0021 0.0011 0.0011 0.0026 0.0188 0.0009 0.0008 0.0019 0.0036 0.0021 0.0003 0.0010 0.0020 
0.0013 0.0008 0.0005 0.0005 0.0002 0.0009 0.0008 0.0006 0.0003 0.0018 0.0041 0.0009 0.0030 0.0009 0.0005 0.0010 0.0008 0.0002 0.0006 0.0022 
0.0016 0.0007 0.0006 0.0008 0.0003 0.0005 0.0009 0.0010 0.0008 0.0022 0.0035 0.0008 0.0009 0.0125 0.0005 0.0012 0.0010 0.0008 0.0039 0.0019 
0.0027 0.0012 0.0010 0.0019 0.0002 0.0013 0.0022 0.0017 0.0006 0.0009 0.0015 0.0019 0.0005 0.0005 0.0246 0.0021 0.0017 0.0002 0.0006 0.0016 
0.0072 0.0022 0.0039 0.0037 0.0006 0.0024 0.0042 0.0046 0.0012 0.0017 0.0028 0.0036 0.0010 0.0012 0.0021 0.0156 0.0046 0.0003 0.0011 0.0021 
0.0042 0.0018 0.0023 0.0022 0.0005 0.0014 0.0025 0.0019 0.0007 0.0020 0.0033 0.0021 0.0008 0.0010 0.0017 0.0046 0.0154 0.0004 0.0009 0.0035 
0.0004 0.0003 0.0002 0.0002 0.0001 0.0003 0.0003 0.0005 0.0002 0.0003 0.0006 0.0003 0.0002 0.0008 0.0002 0.0003 0.0004 0.0091 0.0010 0.0003 
0.0014 0.0009 0.0008 0.0007 0.0002 0.0009 0.0012 0.0009 0.0019 0.0014 0.0022 0.0010 0.0006 0.0039 0.0006 0.0011 0.0009 0.0010 0.0139 0.0017 
0.0055 0.0012 0.0011 0.0014 0.0006 0.0013 0.0023 0.0018 0.0006 0.0106 0.0086 0.0020 0.0022 0.0019 0.0016 0.0021 0.0035 0.0003 0.0017 0.0185 
